Participant_ID,Age,Gender,Site,Block_Number,Trial_Number,Trial_Type,SOA,Side,Response,Reaction_Time,Timestamp,Experiment
026,4,m,vandy,1,1,audio,nan,,nan,,6.60359499999322,srt
026,4,m,vandy,1,2,audiovisual,nan,,nan,,9.992357099894434,srt
026,4,m,vandy,1,3,visual,nan,,nan,,13.989523799857125,srt
